Limit (actual time=0.572..0.574 rows=10 loops=1)
  Buffers: shared hit=950
  ->  Sort (actual time=0.571..0.572 rows=10 loops=1)
        Sort Key: ((embedding <=> '[-0.050113935,0.030804224,0.002514425,-0.11032586,-0.0248824,-0.0039915238,0.044447247,-0.0074660634,0.04192275,0.026265502,0.016422654,-0.012192779,-0.013669878,-0.053578403,0.10473973,0.073102966,0.022129627,-0.06971906,-0.024385558,0.029300269,0.0063179545,-0.040123377,-0.0032361893,-0.03767945,-0.020813664,0.0012471414,-0.02724576,-0.03340929,-0.06472378,-0.10312835,-0.006270956,-0.009856278,0.015710961,-0.012125638,0.021767065,-0.02760832,-0.043802693,0.042271882,-0.0005774114,0.0030062317,-0.0052672,-0.031421922,-0.015402112,-0.00473343,0.048153423,-0.019994548,0.06757056,-0.088303655,-0.06923565,-0.03354357,0.08916306,-0.07863537,0.010037558,-0.025124108,0.025271818,0.024492985,0.0012899437,-0.07052475,0.051268756,0.105706565,0.031663626,-0.033140726,-0.19841465,0.0588691,0.06526091,0.001471224,0.0021736852,-0.0973811,-0.054437805,0.06467007,0.04581692,-0.06891338,0.06327354,-0.010856677,-0.022035629,-0.0074257785,0.07981705,0.03502067,-0.0182086,-0.041681044,0.011259521,-0.05618347,-0.075788595,0.023727579,-0.0028484508,0.06628145,-0.081052445,-0.019336566,0.035772648,0.024022998,0.028789999,-0.025419528,0.12869559,-0.06402552,-0.11473029,-0.0045085084,0.035342947,-0.058331974,-0.1232169,0.2664149,0.030079104,0.096145704,-0.003763245,0.02701748,0.05881539,-0.050355643,-0.013032041,0.016167518,0.036068067,-0.009701854,0.060104493,-0.026950339,0.059889644,0.02468098,0.026923483,0.109359026,-0.0355578,0.055538915,-0.015308115,-0.052316155,0.037974868,0.007748055,0.026547495,0.010809678,-0.021350792,0.008278468,0.027984308,0.07460692,-0.016543508,-0.015590107,0.06483121,0.016570363,-0.09012988,0.039049122,0.074445784,0.04382955,-0.067194566,-0.017671473,0.004451439,-0.052906994,-0.029139131,0.01667779,-0.006442165,-0.026735488,0.020021403,-0.015898954,-0.018893437,-0.046139196,-0.051564176,0.03663205,-0.036470912,0.08148214,-0.0067006573,0.019551417,-0.05352469,-0.046998598,0.0065563046,0.035262376,-0.034026984,0.02468098,0.0067610843,0.01255534,-0.030455092,0.031771053,0.015818385,-0.11698623,0.0106351115,0.037948012,-0.015992953,0.03327501,0.0012412666,0.04060679,-0.0023281092,0.03730346,0.06810769,-0.034161266,0.013287175,0.021203082,-0.042406164,-0.014180149,0.052316155,0.016986636,-0.048341416,-0.028306585,0.0493351,-0.013502026,0.08669227,-0.03120707,0.0016768429,0.006838296,-0.04458153,0.13363716,-0.087497965,0.054679513,0.021297079,-0.08540317,0.04471581,0.037222892,0.040042806,-0.0011900717,-0.019564845,0.038458284,-0.046380904,0.05309499,-0.031556204,-0.07100817,-0.06445522,0.05623718,0.08368436,0.021579072,0.047482014,0.04192275,0.046327192,-0.034778964,-0.016879212,-0.005975536,-0.021270223,0.05250415,0.016140662,-0.0145158535,0.059728507,0.08916306,-0.016086949,-0.254813,0.0056331176,-0.016946351,-0.021780495,-0.08207298,-0.029461408,0.026158078,-0.0015803279,0.00032647242,0.04758944,-0.03400013,0.016060093,0.055700053,0.05580748,0.002195506,-0.06961164,0.14147921,0.0036793188,0.050355643,0.048287705,0.025365815,0.022223623,-0.06697972,-0.013085753,0.020813664,-0.0098898485,0.06703343,0.097595945,0.01082982,-0.0053477692,0.03437612,0.016409226,0.0038673133,-0.07423093,-0.005247058,0.027635176,0.030562518,-0.056398317,-0.0880888,-0.059567366,0.017523764,0.08481233,0.018047461,-0.054572087,0.019887121,0.011669081,-0.027071193,0.014824701,0.011830219,-0.016610648,0.025580667,-0.046380904,-0.031153357,-0.033463,0.024586981,-0.04098278,-0.036551483,0.033087015,-0.02451984,0.014126436,-0.012293491,-0.04965738,-0.104148895,0.020840522,-0.008439606,-0.018920293,-0.03547723,0.011333376,-0.028440867,-0.14072724,0.019658843,-0.014059295,-0.012434486,-0.04178847,0.019417135,-0.01644951,0.0326036,-0.032066472,-0.021176226,-0.034322407,-0.023929002,0.03767945,0.08862593,0.03354357,0.00019271523,0.051456753,0.07347895,-0.042271882,-0.0489054,-0.03459097,-0.043292426,-0.008305324,-0.01871887,0.035880074,0.04869055,0.008325466,-0.14889157,0.02938084,-0.042057034,-0.007036362,-0.015093264,0.009305723,-0.026520638,-0.00023730096,0.0075600604,0.052181873,-0.035504084,-0.028655717,0.03802858,-0.06800026,0.0023348234,0.028682573,0.06708714,-0.061877012,0.0034678252,-0.008117329,0.010782821,-0.027688889,0.082502685,-0.069343075,0.021203082,0.0436147,-0.0009962025,0.07584231,-0.0063145976,-0.046300333,0.106512256,-0.040123377,0.048421986,-0.025956655,0.0066905865,0.043346137,-0.039666817,-0.003209333,-0.02415728,0.008453034,0.0541961,0.04068736,-0.028252872,0.002321395,0.070095055,-0.029541977,-0.06515349,0.029461408,0.035262376,0.02253247,0.014650134,-0.03743774,-0.006922222,0.0027628462,-0.01160194,0.0042668013,-0.042110745,-0.0035853216,-0.046568897,0.009627999,0.007519776,-0.04192275,-0.040203944,0.03934454,0.091741264]'::vector))
        Sort Method: top-N heapsort  Memory: 26kB
        Buffers: shared hit=950
        ->  Seq Scan on chunk (actual time=0.019..0.540 rows=260 loops=1)
              Filter: ((chunk_strategy)::text = 'section'::text)
              Rows Removed by Filter: 650
              Buffers: shared hit=950
Planning:
  Buffers: shared hit=1
Planning Time: 0.075 ms
Execution Time: 0.584 ms
